:			Group	-	-	-	-	-	-	-	-	-	-	-	-	-	-	-	-	-	-	-	-	-	-	-	-	-	-	-	
Black	Dot	0	Group	Forest	WHC	N 	C 	S	P	C-to-N	C-to-S	C-to-P	pH	Alveolata	Amoebozoa	Apusozoa	Archaeplastida	Eucaryota_others	Rhizaria	Stramenopiles	Ascomycota	Basidiomycota	Chytridiomycota	Mucoromycota	Fungi_others	Nucleariidea	Annelida	Arthropoda	Nematoda	Metazoa_others	
Crimson	Dot	1	Birch	Birch1	508	19,6	428	3,16	2,274	21,9	136	188	4,21	1	0,7	0,6	0,4	0,1	15,8	2,7	7,1	61	0,6	6,3	1,1	0,5	0,1	1,3	0,4	0,3	
Crimson	Dot	2	Birch	Birch2	418	8,6	390	3,060	2,092	45,5	128	186	4,32	1,3	1,3	0,9	0,8	0	17,8	1,5	31,3	32,2	0,8	4,9	0,4	0,6	0	3,2	0,4	2,5	
Crimson	Dot	3	Birch	Birch3	221	8,3	136	0,888	4,755	16,5	154	29	6,11	0,5	0,6	0,3	0,6	0,2	8,2	2,4	31	32,1	4	2,9	0,3	0,1	15,1	0,5	1,2	0,1	
Crimson	Dot	4	Birch	Birch4	209	5,6	182	0,896	0,672	32,4	203	271	4,37	0,6	0,1	2,4	0,3	0	3,5	0,7	49,2	29,2	2,1	7,3	0,9	0,3	0,8	1,4	0,8	0,4	
Crimson	Dot	5	Birch	Birch5	338	9,0	273	1,180	0,675	30,2	232	405	4,49	1,2	0,6	1,4	5,5	0	9,2	1,5	19,7	38,3	3,4	7,4	0,4	0,3	9	1,3	0,8	0,2	
Crimson	Dot	6	Birch	Birch6	271	9,2	194	0,870	0,839	21,2	223	231	4,27	0,9	0,9	1,1	0,6	0,1	15	1,9	24,3	15,8	7,5	8,2	2,2	0,2	20	0,7	0,5	0,1	
Crimson	Dot	7	Birch	Birch7	319	6,9	285	0,996	0,650	41,4	286	439	4,16	1,2	3,1	3,2	0,6	0	13,4	5,4	37,4	17,7	2,3	7,6	0,2	0,2	2,8	3,8	0,9	0,3	
Crimson	Dot	8	Birch	Birch8	465	13,3	444	1,572	0,789	33,4	282	563	4,45	1,7	2	1,7	1,9	0,2	16,5	3,7	30	21,7	3,1	9,9	2,1	0,5	0,7	2,9	0,8	0,6	
Crimson	Dot	9	Birch	Birch9	521	14,9	458	1,887	1,536	30,7	243	298	4,13	1,5	0,5	2,4	1,6	0,3	16,6	3,8	31,4	25,5	3,4	8,4	0,4	0,1	1,4	0,8	1,7	0,3	
Crimson	Dot	10	Birch	Birch10	500	16,1	485	2,118	1,256	30,2	229	386	3,91	0,5	0,3	0,7	0,2	0	11,7	2,2	21,8	18,4	2,3	9,3	0,6	0,3	29	0,8	1,9	0,1	
Crimson	Dot	11	Birch	Birch11	430	12,4	516	1,724	1,051	41,5	300	491	3,82	1,9	1,4	3,2	0,4	0	9,4	0,9	38,5	17,3	2,6	21,3	0,1	0,1	0,7	1,2	1	0	
Gold	Dot	12	Pine	Pine1	376	9,6	481	1,532	0,654	49,9	314	736	3,83	1,2	0,2	0,6	2,5	0	6,8	0,9	54	23	0,6	6,6	0,5	0,1	0,1	1,5	1,1	0,4	
Gold	Dot	13	Pine	Pine2	263	6,1	327	0,989	0,805	54,0	331	406	3,82	0,8	0,2	0,3	0,3	0	3,8	0,3	65,6	14,8	0,4	5,9	0,8	0,2	0,1	5,4	1	0,1	
Gold	Dot	14	Pine	Pine3	279	7,5	414	0,970	0,772	55,2	427	537	3,69	0,4	0,5	2,1	0,3	0,1	7,2	0,7	37,7	39	2,6	5,9	0,6	0,3	0	0,4	1,5	0,6	
Gold	Dot	15	Pine	Pine4	285	15,0	382	1,071	0,869	25,4	356	439	3,78	1	0,1	0,1	0,1	0	2,2	0,3	74,2	16,1	0,1	2,2	0,2	0	0,1	2,1	0,9	0,3	
Gold	Dot	16	Pine	Pine5	357	8,9	418	1,218	0,743	46,8	343	562	3,86	0,6	0,1	0	1,3	0	4,3	0,3	58,3	16,1	0,5	5,9	0,3	0	7,7	3	1,4	0,3	
Gold	Dot	17	Pine	Pine6	496	9,6	479	1,236	0,532	50,0	387	900	3,64	0,8	0,8	1,8	0,1	0,1	6,7	1,3	28,4	36,5	2,9	5,4	0,5	0,2	8,1	4,5	1,8	0,2	
Gold	Dot	18	Pine	Pine7	500	7,9	453	1,567	0,402	57,5	289	1127	3,74	0,8	0,2	0,7	0	0,1	4,4	1,1	17,1	38,6	1,7	8,3	0,4	0	24,8	1,4	0,2	0,1	
Gold	Dot	19	Pine	Pine8	522	12,0	514	1,770	1,039	43,0	290	495	3,57	0,5	0,3	0,2	0,1	0	5,1	0,3	59,3	21,9	0,8	5,2	0,3	0	2,4	2,2	1,2	0,1	
Gold	Dot	20	Pine	Pine9	355	12,0	454	1,281	1,193	37,8	354	380	3,56	0,3	0,9	0,3	0,5	0,3	6,4	1	57,7	13,9	1,7	6,2	0,2	0	2,7	6,1	1,4	0,3	
Gold	Dot	21	Pine	Pine10	351	9,3	286	0,764	0,915	30,9	375	313	3,69	1,9	0,8	2,3	5,1	0,1	12,4	2,1	29	14,8	2,7	8	1,1	0,3	9,9	7	2	0,5	
Gold	Dot	22	Pine	Pine11	385	11,6	457	1,377	1,156	39,2	332	395	3,84	1,7	0,4	0,6	1	0,2	6,9	0,9	50,4	17,4	3,4	11,1	0,4	0,1	0,7	2,7	1,9	0,2	
Cornflowerblue	Dot	23	Tundra	Tundra1	430	12,6	409	2,205	0,976	32,4	186	419	4,45	3,6	3,1	2,3	0,7	0,7	25,2	1,9	29,7	22,6	1,8	3,7	0	0,1	0,1	3,4	0,5	0,7	
Cornflowerblue	Dot	24	Tundra	Tundra2	366	12,4	444	1,803	0,702	35,9	246	632	3,76	1,1	0,3	1,2	0,7	0,3	6,3	0,3	73,2	3,7	2,5	8,6	0,1	0,4	0,4	0,3	0,3	0,2	
Cornflowerblue	Dot	25	Tundra	Tundra3	215	7,6	229	1,043	0,520	30,2	219	440	4,38	1,2	0,8	0,7	20,2	0	5,2	0,3	48,8	14,2	1,2	5,3	0,3	0,1	0,6	0,5	0,6	0,1	
Cornflowerblue	Dot	26	Tundra	Tundra4	504	10,9	395	1,674	0,573	36,1	236	688	4,65	0,9	0,8	3,3	0,3	0,2	12,5	2,7	23,6	47,6	2,1	2,7	0,3	0	1,5	0,9	0,3	0,4	
Cornflowerblue	Dot	27	Tundra	Tundra5	221	7,5	213	0,750	0,360	28,3	283	591	3,89	0,8	0,1	0,3	2,1	0,1	2,7	0,5	79,8	6,7	0,7	2,7	0,2	0	2	0,2	0,6	0,5	
Cornflowerblue	Dot	28	Tundra	Tundra6	454	9,8	466	1,472	0,999	47,6	317	467	3,84	0,3	0,7	3,1	0,2	0	9,4	1,4	61,6	12,4	2,3	4,9	1,5	0,4	1,3	0,2	0,3	0	
Cornflowerblue	Dot	29	Tundra	Tundra7	461	11,7	430	1,507	1,002	36,7	286	429	3,86	0,6	0,2	1	0,7	0,1	7,8	1,3	39,8	15,5	3,7	8,1	0,6	0,2	19,1	0,9	0,2	0,3	
Cornflowerblue	Dot	30	Tundra	Tundra8	479	11,0	459	1,538	1,058	41,9	299	434	4,03	0,5	0,5	0,3	1,1	0,2	6,7	1	23,1	10,2	2,1	6,4	0,3	0	43,5	3,8	0,3	0,1	
Cornflowerblue	Dot	31	Tundra	Tundra9	365	10,9	389	1,438	1,013	35,6	271	384	3,89	2,1	0,8	1,9	0,2	0	8,4	2	32,9	35	8,4	3,9	0,9	0,1	1,6	0,5	0,2	0,9	
Cornflowerblue	Dot	32	Tundra	Tundra10	463	13,7	446	1,765	1,026	32,5	252	434	3,86	5,6	1,1	4,7	4,9	0	9	1,8	47	8,2	8,2	5,6	1,7	0,1	0,3	0,3	1,2	0,3	
Cornflowerblue	Dot	33	Tundra	Tundra11	396	10,0	422	1,240	1,183	42,3	340	357	3,90	0,4	0,3	0,1	1,1	0,1	3,8	0,6	34,2	48,1	0,8	1,7	0,4	0,1	0,1	8,1	0,1	0,2	
